n surf.density surf.n r0 start_temp cooling_rate energy/atom
10 12.148003803837238 81 4.9290980521465055 2000 10 0.18614798934141533
165 12.148003803837238 81 4.9290980521465055 2000 10 0.18157652610178737
265 12.148003803837238 81 4.9290980521465055 2000 10 0.17846738028375342
260 12.148003803837238 81 4.9290980521465055 2000 10 0.17695641357359362
230 12.148003803837238 81 4.9290980521465055 2000 10 0.18409936643328983
220 12.148003803837238 81 4.9290980521465055 2000 10 0.17445213951390987
225 12.148003803837238 81 4.9290980521465055 2000 10 0.17743769925843664
110 12.148003803837238 81 4.9290980521465055 2000 10 0.17967755005438968
120 12.148003803837238 81 4.9290980521465055 2000 10 0.17499101748953133
95 12.148003803837238 81 4.9290980521465055 2000 10 0.17739148744199015
150 12.148003803837238 81 4.9290980521465055 2000 10 0.18050682476105231
200 12.148003803837238 81 4.9290980521465055 2000 10 0.17468093046937883
210 12.148003803837238 81 4.9290980521465055 2000 10 0.18339484790585966
215 12.148003803837238 81 4.9290980521465055 2000 10 0.17849154504249642
195 12.148003803837238 81 4.9290980521465055 2000 10 0.1851555492383277
155 12.148003803837238 81 4.9290980521465055 2000 10 0.17813185325733727
35 12.148003803837238 81 4.9290980521465055 2000 10 0.1813971774228651
185 12.148003803837238 81 4.9290980521465055 2000 10 0.18007661794538654
100 12.148003803837238 81 4.9290980521465055 2000 10 0.1774018808624474
75 12.148003803837238 81 4.9290980521465055 2000 10 0.17721066699179844
275 12.148003803837238 81 4.9290980521465055 2000 10 0.1754061579892284
255 12.148003803837238 81 4.9290980521465055 2000 10 0.17804391490872884
80 12.148003803837238 81 4.9290980521465055 2000 10 0.17421129751138853
180 12.148003803837238 81 4.9290980521465055 2000 10 0.2012249366467194
160 12.148003803837238 81 4.9290980521465055 2000 10 0.17477723156300615
115 12.148003803837238 81 4.9290980521465055 2000 10 0.1768420534652675
55 12.148003803837238 81 4.9290980521465055 2000 10 0.17847997136876848
40 12.148003803837238 81 4.9290980521465055 2000 10 0.17548947386190866
70 12.148003803837238 81 4.9290980521465055 2000 10 0.1765981488647183
205 12.148003803837238 81 4.9290980521465055 2000 10 0.18338175849136198
65 12.148003803837238 81 4.9290980521465055 2000 10 0.18932785438580915
20 12.148003803837238 81 4.9290980521465055 2000 10 0.18089015170438036
130 12.148003803837238 81 4.9290980521465055 2000 10 0.1792413245150718
235 12.148003803837238 81 4.9290980521465055 2000 10 0.17792036905717043
60 12.148003803837238 81 4.9290980521465055 2000 10 0.17685459598472733
140 12.148003803837238 81 4.9290980521465055 2000 10 0.1800009010966074
240 12.148003803837238 81 4.9290980521465055 2000 10 0.19711636377162675
85 12.148003803837238 81 4.9290980521465055 2000 10 0.1817155823778697
50 12.148003803837238 81 4.9290980521465055 2000 10 0.1851608951090042
15 12.148003803837238 81 4.9290980521465055 2000 10 0.1825929303169184
30 12.148003803837238 81 4.9290980521465055 2000 10 0.17563234161885283
0 12.148003803837238 81 4.9290980521465055 2000 10 0.17580710480248923
145 12.148003803837238 81 4.9290980521465055 2000 10 0.18791108313572702
125 12.148003803837238 81 4.9290980521465055 2000 10 0.17659634369090216
270 12.148003803837238 81 4.9290980521465055 2000 10 0.18100781421782336
105 12.148003803837238 81 4.9290980521465055 2000 10 0.1870103561230901
5 12.148003803837238 81 4.9290980521465055 2000 10 0.1745406473627803
190 12.148003803837238 81 4.9290980521465055 2000 10 0.1745185858695164
25 12.148003803837238 81 4.9290980521465055 2000 10 0.17649713321652705
175 12.148003803837238 81 4.9290980521465055 2000 10 0.17418253533252018
90 12.148003803837238 81 4.9290980521465055 2000 10 0.17686498470669693
135 12.148003803837238 81 4.9290980521465055 2000 10 0.17715013315819156
45 12.148003803837238 81 4.9290980521465055 2000 10 0.18018913805419315
250 12.148003803837238 81 4.9290980521465055 2000 10 0.1764939039973252
245 12.148003803837238 81 4.9290980521465055 2000 10 0.1875564084966887
170 12.148003803837238 81 4.9290980521465055 2000 10 0.18026274060634415
11 12.148003803837238 81 4.9290980521465055 2000 10 0.1803445918107979
166 12.148003803837238 81 4.9290980521465055 2000 10 0.1928946860463402
231 12.148003803837238 81 4.9290980521465055 2000 10 0.20442822255859597
111 12.148003803837238 81 4.9290980521465055 2000 10 0.17724059905250858
266 12.148003803837238 81 4.9290980521465055 2000 10 0.1769802280309025
121 12.148003803837238 81 4.9290980521465055 2000 10 0.17910681267485667
96 12.148003803837238 81 4.9290980521465055 2000 10 0.1765035880999953
201 12.148003803837238 81 4.9290980521465055 2000 10 0.17641104115897172
226 12.148003803837238 81 4.9290980521465055 2000 10 0.1789614251573617
151 12.148003803837238 81 4.9290980521465055 2000 10 0.18140108705175273
36 12.148003803837238 81 4.9290980521465055 2000 10 0.18038241998090565
221 12.148003803837238 81 4.9290980521465055 2000 10 0.18389202369203259
276 12.148003803837238 81 4.9290980521465055 2000 10 0.182888441464892
216 12.148003803837238 81 4.9290980521465055 2000 10 0.17498870254980756
101 12.148003803837238 81 4.9290980521465055 2000 10 0.17606425348825813
211 12.148003803837238 81 4.9290980521465055 2000 10 0.18477773685074286
261 12.148003803837238 81 4.9290980521465055 2000 10 0.18170997228944796
56 12.148003803837238 81 4.9290980521465055 2000 10 0.1814975123498169
161 12.148003803837238 81 4.9290980521465055 2000 10 0.17883419252818394
71 12.148003803837238 81 4.9290980521465055 2000 10 0.17591298942618838
176 12.148003803837238 81 4.9290980521465055 2000 10 0.18048606699200273
196 12.148003803837238 81 4.9290980521465055 2000 10 0.18439999704871582
186 12.148003803837238 81 4.9290980521465055 2000 10 0.17607943937289988
236 12.148003803837238 81 4.9290980521465055 2000 10 0.1763265316976478
181 12.148003803837238 81 4.9290980521465055 2000 10 0.18169190193090787
16 12.148003803837238 81 4.9290980521465055 2000 10 0.1783550874409679
131 12.148003803837238 81 4.9290980521465055 2000 10 0.17725917481949574
86 12.148003803837238 81 4.9290980521465055 2000 10 0.17853019150347552
116 12.148003803837238 81 4.9290980521465055 2000 10 0.17448891920921245
26 12.148003803837238 81 4.9290980521465055 2000 10 0.174594012286154
1 12.148003803837238 81 4.9290980521465055 2000 10 0.18075502642258504
241 12.148003803837238 81 4.9290980521465055 2000 10 0.19139818742064735
156 12.148003803837238 81 4.9290980521465055 2000 10 0.1768053862273895
66 12.148003803837238 81 4.9290980521465055 2000 10 0.17465266400384827
31 12.148003803837238 81 4.9290980521465055 2000 10 0.17828754056446447
21 12.148003803837238 81 4.9290980521465055 2000 10 0.17658787625067976
6 12.148003803837238 81 4.9290980521465055 2000 10 0.17555919854421442
271 12.148003803837238 81 4.9290980521465055 2000 10 0.18494955798814378
206 12.148003803837238 81 4.9290980521465055 2000 10 0.17899870174619267
146 12.148003803837238 81 4.9290980521465055 2000 10 0.18458279518650392
191 12.148003803837238 81 4.9290980521465055 2000 10 0.17595063637794697
141 12.148003803837238 81 4.9290980521465055 2000 10 0.1873899117003108
81 12.148003803837238 81 4.9290980521465055 2000 10 0.1775910677118171
126 12.148003803837238 81 4.9290980521465055 2000 10 0.17998681602902547
76 12.148003803837238 81 4.9290980521465055 2000 10 0.17695623746828737
106 12.148003803837238 81 4.9290980521465055 2000 10 0.18058504869036676
256 12.148003803837238 81 4.9290980521465055 2000 10 0.17451477195984572
51 12.148003803837238 81 4.9290980521465055 2000 10 0.17726890603693804
61 12.148003803837238 81 4.9290980521465055 2000 10 0.17763071340860206
91 12.148003803837238 81 4.9290980521465055 2000 10 0.18035438036391938
41 12.148003803837238 81 4.9290980521465055 2000 10 0.18083576238639812
171 12.148003803837238 81 4.9290980521465055 2000 10 0.19228857684861972
246 12.148003803837238 81 4.9290980521465055 2000 10 0.1781834621971914
251 12.148003803837238 81 4.9290980521465055 2000 10 0.18150884590362862
136 12.148003803837238 81 4.9290980521465055 2000 10 0.1776851998673448
46 12.148003803837238 81 4.9290980521465055 2000 10 0.1764834553528956
232 12.148003803837238 81 4.9290980521465055 2000 10 0.1744497744044654
167 12.148003803837238 81 4.9290980521465055 2000 10 0.18315578425164844
112 12.148003803837238 81 4.9290980521465055 2000 10 0.17783365881610738
202 12.148003803837238 81 4.9290980521465055 2000 10 0.17636830369629122
267 12.148003803837238 81 4.9290980521465055 2000 10 0.18724997663512324
217 12.148003803837238 81 4.9290980521465055 2000 10 0.1795743510100938
12 12.148003803837238 81 4.9290980521465055 2000 10 0.1828482582010066
122 12.148003803837238 81 4.9290980521465055 2000 10 0.1810698045454758
57 12.148003803837238 81 4.9290980521465055 2000 10 0.18437904601863697
37 12.148003803837238 81 4.9290980521465055 2000 10 0.1772984734105948
277 12.148003803837238 81 4.9290980521465055 2000 10 0.18009216399796732
97 12.148003803837238 81 4.9290980521465055 2000 10 0.17820457107930845
152 12.148003803837238 81 4.9290980521465055 2000 10 0.19204890866166832
2 12.148003803837238 81 4.9290980521465055 2000 10 0.1820326572713871
227 12.148003803837238 81 4.9290980521465055 2000 10 0.17662339733019958
102 12.148003803837238 81 4.9290980521465055 2000 10 0.17613606244271818
7 12.148003803837238 81 4.9290980521465055 2000 10 0.18325057234255487
222 12.148003803837238 81 4.9290980521465055 2000 10 0.17604195631967853
212 12.148003803837238 81 4.9290980521465055 2000 10 0.1784361335066856
237 12.148003803837238 81 4.9290980521465055 2000 10 0.18815674401915292
117 12.148003803837238 81 4.9290980521465055 2000 10 0.1977724602474776
242 12.148003803837238 81 4.9290980521465055 2000 10 0.17982557723418963
132 12.148003803837238 81 4.9290980521465055 2000 10 0.17744111226871398
157 12.148003803837238 81 4.9290980521465055 2000 10 0.17492811044646242
182 12.148003803837238 81 4.9290980521465055 2000 10 0.18161073066217223
17 12.148003803837238 81 4.9290980521465055 2000 10 0.17587938941449494
207 12.148003803837238 81 4.9290980521465055 2000 10 0.17519178588580883
72 12.148003803837238 81 4.9290980521465055 2000 10 0.17694959872601584
177 12.148003803837238 81 4.9290980521465055 2000 10 0.17596385137625337
262 12.148003803837238 81 4.9290980521465055 2000 10 0.1768123929223459
27 12.148003803837238 81 4.9290980521465055 2000 10 0.18274933993590117
187 12.148003803837238 81 4.9290980521465055 2000 10 0.17656434064066467
87 12.148003803837238 81 4.9290980521465055 2000 10 0.18252124797663222
127 12.148003803837238 81 4.9290980521465055 2000 10 0.1742419983284078
22 12.148003803837238 81 4.9290980521465055 2000 10 0.17618493996735918
192 12.148003803837238 81 4.9290980521465055 2000 10 0.1770823920288896
67 12.148003803837238 81 4.9290980521465055 2000 10 0.17633929397818301
197 12.148003803837238 81 4.9290980521465055 2000 10 0.17747444499626727
162 12.148003803837238 81 4.9290980521465055 2000 10 0.1785662923638964
77 12.148003803837238 81 4.9290980521465055 2000 10 0.18531574173881052
107 12.148003803837238 81 4.9290980521465055 2000 10 0.18487447360694553
257 12.148003803837238 81 4.9290980521465055 2000 10 0.17863848460295242
142 12.148003803837238 81 4.9290980521465055 2000 10 0.1776760876388037
82 12.148003803837238 81 4.9290980521465055 2000 10 0.18149450525564204
92 12.148003803837238 81 4.9290980521465055 2000 10 0.17705363389187254
32 12.148003803837238 81 4.9290980521465055 2000 10 0.18822730404570623
272 12.148003803837238 81 4.9290980521465055 2000 10 0.18026556186308826
147 12.148003803837238 81 4.9290980521465055 2000 10 0.18566961338835097
42 12.148003803837238 81 4.9290980521465055 2000 10 0.1756378255765259
172 12.148003803837238 81 4.9290980521465055 2000 10 0.19339302943651274
62 12.148003803837238 81 4.9290980521465055 2000 10 0.176735573276401
47 12.148003803837238 81 4.9290980521465055 2000 10 0.17730087884776893
137 12.148003803837238 81 4.9290980521465055 2000 10 0.17801250988470474
247 12.148003803837238 81 4.9290980521465055 2000 10 0.1775577655711003
252 12.148003803837238 81 4.9290980521465055 2000 10 0.1794075505631123
52 12.148003803837238 81 4.9290980521465055 2000 10 0.18701536827301082
233 12.148003803837238 81 4.9290980521465055 2000 10 0.17657728708805584
168 12.148003803837238 81 4.9290980521465055 2000 10 0.17885596326872252
13 12.148003803837238 81 4.9290980521465055 2000 10 0.1860415661226116
203 12.148003803837238 81 4.9290980521465055 2000 10 0.17896514501230698
113 12.148003803837238 81 4.9290980521465055 2000 10 0.17438744144317955
268 12.148003803837238 81 4.9290980521465055 2000 10 0.18221975315493336
58 12.148003803837238 81 4.9290980521465055 2000 10 0.1766930636323706
98 12.148003803837238 81 4.9290980521465055 2000 10 0.1759070122654086
8 12.148003803837238 81 4.9290980521465055 2000 10 0.17590618458820845
228 12.148003803837238 81 4.9290980521465055 2000 10 0.17648567966857923
3 12.148003803837238 81 4.9290980521465055 2000 10 0.1762253930585978
38 12.148003803837238 81 4.9290980521465055 2000 10 0.1745879988187203
103 12.148003803837238 81 4.9290980521465055 2000 10 0.1946243127234732
278 12.148003803837238 81 4.9290980521465055 2000 10 0.1743038477798284
123 12.148003803837238 81 4.9290980521465055 2000 10 0.17615530715002348
118 12.148003803837238 81 4.9290980521465055 2000 10 0.18256673585017183
238 12.148003803837238 81 4.9290980521465055 2000 10 0.18179568637719323
243 12.148003803837238 81 4.9290980521465055 2000 10 0.17973568436884776
213 12.148003803837238 81 4.9290980521465055 2000 10 0.18689248746142356
153 12.148003803837238 81 4.9290980521465055 2000 10 0.17506989139793264
218 12.148003803837238 81 4.9290980521465055 2000 10 0.1792652938266384
158 12.148003803837238 81 4.9290980521465055 2000 10 0.1755256385647827
128 12.148003803837238 81 4.9290980521465055 2000 10 0.17892685293169078
188 12.148003803837238 81 4.9290980521465055 2000 10 0.20941736920552612
28 12.148003803837238 81 4.9290980521465055 2000 10 0.18664971380636058
183 12.148003803837238 81 4.9290980521465055 2000 10 0.1765983489175148
208 12.148003803837238 81 4.9290980521465055 2000 10 0.19232236665979918
163 12.148003803837238 81 4.9290980521465055 2000 10 0.18038689483192127
148 12.148003803837238 81 4.9290980521465055 2000 10 0.17415527768199313
108 12.148003803837238 81 4.9290980521465055 2000 10 0.175617430725733
18 12.148003803837238 81 4.9290980521465055 2000 10 0.17626537188540545
133 12.148003803837238 81 4.9290980521465055 2000 10 0.1763768701590004
223 12.148003803837238 81 4.9290980521465055 2000 10 0.18281075781834766
178 12.148003803837238 81 4.9290980521465055 2000 10 0.1784644995549968
48 12.148003803837238 81 4.9290980521465055 2000 10 0.1906398611226032
33 12.148003803837238 81 4.9290980521465055 2000 10 0.17474301613469148
173 12.148003803837238 81 4.9290980521465055 2000 10 0.1755208598130607
68 12.148003803837238 81 4.9290980521465055 2000 10 0.18586697146086548
258 12.148003803837238 81 4.9290980521465055 2000 10 0.17600037778312547
83 12.148003803837238 81 4.9290980521465055 2000 10 0.17848349569244787
78 12.148003803837238 81 4.9290980521465055 2000 10 0.17815235239236474
73 12.148003803837238 81 4.9290980521465055 2000 10 0.1745077813132699
193 12.148003803837238 81 4.9290980521465055 2000 10 0.18131615372030355
88 12.148003803837238 81 4.9290980521465055 2000 10 0.1748600177738314
23 12.148003803837238 81 4.9290980521465055 2000 10 0.17828738013234266
263 12.148003803837238 81 4.9290980521465055 2000 10 0.17823937803166065
143 12.148003803837238 81 4.9290980521465055 2000 10 0.18039026397852667
198 12.148003803837238 81 4.9290980521465055 2000 10 0.1829021625933694
273 12.148003803837238 81 4.9290980521465055 2000 10 0.18333209898946184
248 12.148003803837238 81 4.9290980521465055 2000 10 0.17543359041927184
138 12.148003803837238 81 4.9290980521465055 2000 10 0.1789796517495462
63 12.148003803837238 81 4.9290980521465055 2000 10 0.18143437470373172
93 12.148003803837238 81 4.9290980521465055 2000 10 0.17630275895528605
253 12.148003803837238 81 4.9290980521465055 2000 10 0.18543562644426986
43 12.148003803837238 81 4.9290980521465055 2000 10 0.18025737335698594
53 12.148003803837238 81 4.9290980521465055 2000 10 0.18122430426298283
169 12.148003803837238 81 4.9290980521465055 2000 10 0.17765252989436034
234 12.148003803837238 81 4.9290980521465055 2000 10 0.17612150740981022
204 12.148003803837238 81 4.9290980521465055 2000 10 0.17823279565058814
14 12.148003803837238 81 4.9290980521465055 2000 10 0.17646935046789558
9 12.148003803837238 81 4.9290980521465055 2000 10 0.1745978633747643
269 12.148003803837238 81 4.9290980521465055 2000 10 0.18092764779444903
114 12.148003803837238 81 4.9290980521465055 2000 10 0.1809693727141966
99 12.148003803837238 81 4.9290980521465055 2000 10 0.18482949027156942
124 12.148003803837238 81 4.9290980521465055 2000 10 0.17610075373831482
39 12.148003803837238 81 4.9290980521465055 2000 10 0.17606965613100706
239 12.148003803837238 81 4.9290980521465055 2000 10 0.18097879573728032
229 12.148003803837238 81 4.9290980521465055 2000 10 0.18151482144844516
59 12.148003803837238 81 4.9290980521465055 2000 10 0.17905874985540415
279 12.148003803837238 81 4.9290980521465055 2000 10 0.17452322078714122
119 12.148003803837238 81 4.9290980521465055 2000 10 0.17651354931990673
129 12.148003803837238 81 4.9290980521465055 2000 10 0.174598026925813
244 12.148003803837238 81 4.9290980521465055 2000 10 0.17862391491589033
104 12.148003803837238 81 4.9290980521465055 2000 10 0.18561264409150596
29 12.148003803837238 81 4.9290980521465055 2000 10 0.17572380621848388
159 12.148003803837238 81 4.9290980521465055 2000 10 0.17766817686770053
214 12.148003803837238 81 4.9290980521465055 2000 10 0.1765160148613567
164 12.148003803837238 81 4.9290980521465055 2000 10 0.17978856640066435
189 12.148003803837238 81 4.9290980521465055 2000 10 0.17653849523137663
4 12.148003803837238 81 4.9290980521465055 2000 10 0.18917491468874278
19 12.148003803837238 81 4.9290980521465055 2000 10 0.18850132233826863
109 12.148003803837238 81 4.9290980521465055 2000 10 0.18949793069846485
219 12.148003803837238 81 4.9290980521465055 2000 10 0.20572339821597704
134 12.148003803837238 81 4.9290980521465055 2000 10 0.17639250502919526
209 12.148003803837238 81 4.9290980521465055 2000 10 0.17656601005733077
49 12.148003803837238 81 4.9290980521465055 2000 10 0.17689704795293523
154 12.148003803837238 81 4.9290980521465055 2000 10 0.17947337174479833
149 12.148003803837238 81 4.9290980521465055 2000 10 0.17880038208986904
69 12.148003803837238 81 4.9290980521465055 2000 10 0.1928008951559632
84 12.148003803837238 81 4.9290980521465055 2000 10 0.17472915020957955
89 12.148003803837238 81 4.9290980521465055 2000 10 0.1766015995218492
34 12.148003803837238 81 4.9290980521465055 2000 10 0.18632203275719608
224 12.148003803837238 81 4.9290980521465055 2000 10 0.17760651653006412
24 12.148003803837238 81 4.9290980521465055 2000 10 0.18271642899118193
179 12.148003803837238 81 4.9290980521465055 2000 10 0.17442056097560835
74 12.148003803837238 81 4.9290980521465055 2000 10 0.1806378007320437
194 12.148003803837238 81 4.9290980521465055 2000 10 0.1804282029808279
184 12.148003803837238 81 4.9290980521465055 2000 10 0.17821059700083322
259 12.148003803837238 81 4.9290980521465055 2000 10 0.17464583576875198
79 12.148003803837238 81 4.9290980521465055 2000 10 0.1869226265234031
144 12.148003803837238 81 4.9290980521465055 2000 10 0.17698014580888877
139 12.148003803837238 81 4.9290980521465055 2000 10 0.1765548047694327
264 12.148003803837238 81 4.9290980521465055 2000 10 0.17962636383826702
274 12.148003803837238 81 4.9290980521465055 2000 10 0.17699536363710724
199 12.148003803837238 81 4.9290980521465055 2000 10 0.1751710270557455
174 12.148003803837238 81 4.9290980521465055 2000 10 0.18156476647571748
64 12.148003803837238 81 4.9290980521465055 2000 10 0.17645939736028696
249 12.148003803837238 81 4.9290980521465055 2000 10 0.17623022644233494
94 12.148003803837238 81 4.9290980521465055 2000 10 0.17773211446334158
44 12.148003803837238 81 4.9290980521465055 2000 10 0.17469184371713803
254 12.148003803837238 81 4.9290980521465055 2000 10 0.17675934193233633
54 12.148003803837238 81 4.9290980521465055 2000 10 0.18097718637726523
280 12.148003803837238 81 4.9290980521465055 2000 10 0.17790667327741894
295 12.148003803837238 81 4.9290980521465055 2000 10 0.1757874214560208
305 12.148003803837238 81 4.9290980521465055 2000 10 0.17599845383806817
300 12.148003803837238 81 4.9290980521465055 2000 10 0.18373466489756454
310 12.148003803837238 81 4.9290980521465055 2000 10 0.18753256146471628
285 12.148003803837238 81 4.9290980521465055 2000 10 0.17422911324157478
290 12.148003803837238 81 4.9290980521465055 2000 10 0.17927387582396717
315 12.148003803837238 81 4.9290980521465055 2000 10 0.19302733035666236
320 12.148003803837238 81 4.9290980521465055 2000 10 0.179873847421261
345 12.148003803837238 81 4.9290980521465055 2000 10 0.1779263285812514
330 12.148003803837238 81 4.9290980521465055 2000 10 0.17622313295135106
360 12.148003803837238 81 4.9290980521465055 2000 10 0.1760167759536427
370 12.148003803837238 81 4.9290980521465055 2000 10 0.17819454049714203
335 12.148003803837238 81 4.9290980521465055 2000 10 0.1770775150591764
395 12.148003803837238 81 4.9290980521465055 2000 10 0.17823563963898528
405 12.148003803837238 81 4.9290980521465055 2000 10 0.1948526032006843
385 12.148003803837238 81 4.9290980521465055 2000 10 0.17588559129668105
390 12.148003803837238 81 4.9290980521465055 2000 10 0.18315298465950627
325 12.148003803837238 81 4.9290980521465055 2000 10 0.1818278770377271
380 12.148003803837238 81 4.9290980521465055 2000 10 0.17806081139344643
355 12.148003803837238 81 4.9290980521465055 2000 10 0.176875400876663
430 12.148003803837238 81 4.9290980521465055 2000 10 0.18774861973343446
340 12.148003803837238 81 4.9290980521465055 2000 10 0.1767044080005428
365 12.148003803837238 81 4.9290980521465055 2000 10 0.1823048304543287
415 12.148003803837238 81 4.9290980521465055 2000 10 0.17609791791102816
425 12.148003803837238 81 4.9290980521465055 2000 10 0.186663179950725
375 12.148003803837238 81 4.9290980521465055 2000 10 0.21053708519197384
410 12.148003803837238 81 4.9290980521465055 2000 10 0.17906833445206588
420 12.148003803837238 81 4.9290980521465055 2000 10 0.17995811112984914
440 12.148003803837238 81 4.9290980521465055 2000 10 0.19031609800092505
400 12.148003803837238 81 4.9290980521465055 2000 10 0.17726427154565444
450 12.148003803837238 81 4.9290980521465055 2000 10 0.18320443797215083
445 12.148003803837238 81 4.9290980521465055 2000 10 0.18403948603042922
435 12.148003803837238 81 4.9290980521465055 2000 10 0.17652347588571957
350 12.148003803837238 81 4.9290980521465055 2000 10 0.1783556622194082
455 12.148003803837238 81 4.9290980521465055 2000 10 0.18063219173110942
480 12.148003803837238 81 4.9290980521465055 2000 10 0.17688875719643848
460 12.148003803837238 81 4.9290980521465055 2000 10 0.18133509626944108
490 12.148003803837238 81 4.9290980521465055 2000 10 0.17776438175838644
520 12.148003803837238 81 4.9290980521465055 2000 10 0.17446505939873264
465 12.148003803837238 81 4.9290980521465055 2000 10 0.174252509739579
470 12.148003803837238 81 4.9290980521465055 2000 10 0.1751072967248454
475 12.148003803837238 81 4.9290980521465055 2000 10 0.1778609444813646
530 12.148003803837238 81 4.9290980521465055 2000 10 0.1765536799442524
485 12.148003803837238 81 4.9290980521465055 2000 10 0.17627713077241083
525 12.148003803837238 81 4.9290980521465055 2000 10 0.17615595052794392
500 12.148003803837238 81 4.9290980521465055 2000 10 0.17638838848383978
495 12.148003803837238 81 4.9290980521465055 2000 10 0.17981753907430226
515 12.148003803837238 81 4.9290980521465055 2000 10 0.17566787677487353
505 12.148003803837238 81 4.9290980521465055 2000 10 0.17646544527047203
510 12.148003803837238 81 4.9290980521465055 2000 10 0.18498437666862622
535 12.148003803837238 81 4.9290980521465055 2000 10 0.17711871128533366
545 12.148003803837238 81 4.9290980521465055 2000 10 0.18246780447168096
540 12.148003803837238 81 4.9290980521465055 2000 10 0.17881979871755338
550 12.148003803837238 81 4.9290980521465055 2000 10 0.19030054269747745
555 12.148003803837238 81 4.9290980521465055 2000 10 0.18520352521541766
281 12.148003803837238 81 4.9290980521465055 2000 10 0.18942395319854985
296 12.148003803837238 81 4.9290980521465055 2000 10 0.17667197930720355
301 12.148003803837238 81 4.9290980521465055 2000 10 0.17678106175474842
291 12.148003803837238 81 4.9290980521465055 2000 10 0.17588324074599257
306 12.148003803837238 81 4.9290980521465055 2000 10 0.18061206258564524
311 12.148003803837238 81 4.9290980521465055 2000 10 0.17478085146264444
286 12.148003803837238 81 4.9290980521465055 2000 10 0.17437361018402686
396 12.148003803837238 81 4.9290980521465055 2000 10 0.17614451267473502
316 12.148003803837238 81 4.9290980521465055 2000 10 0.17635277397173652
331 12.148003803837238 81 4.9290980521465055 2000 10 0.17778476241366412
346 12.148003803837238 81 4.9290980521465055 2000 10 0.18059397746879577
406 12.148003803837238 81 4.9290980521465055 2000 10 0.17668246185468797
321 12.148003803837238 81 4.9290980521465055 2000 10 0.17584320129574607
361 12.148003803837238 81 4.9290980521465055 2000 10 0.17541642720428893
426 12.148003803837238 81 4.9290980521465055 2000 10 0.1784609366370383
391 12.148003803837238 81 4.9290980521465055 2000 10 0.202414032310021
416 12.148003803837238 81 4.9290980521465055 2000 10 0.1762444216898777
356 12.148003803837238 81 4.9290980521465055 2000 10 0.18571417040128035
341 12.148003803837238 81 4.9290980521465055 2000 10 0.17994596493823364
381 12.148003803837238 81 4.9290980521465055 2000 10 0.17707146179080185
431 12.148003803837238 81 4.9290980521465055 2000 10 0.1807028688219538
326 12.148003803837238 81 4.9290980521465055 2000 10 0.1748189628713038
336 12.148003803837238 81 4.9290980521465055 2000 10 0.17464530955021504
386 12.148003803837238 81 4.9290980521465055 2000 10 0.18241689788410018
366 12.148003803837238 81 4.9290980521465055 2000 10 0.1881873238095313
411 12.148003803837238 81 4.9290980521465055 2000 10 0.17769190608776256
441 12.148003803837238 81 4.9290980521465055 2000 10 0.17594195559913164
436 12.148003803837238 81 4.9290980521465055 2000 10 0.17701278388980965
376 12.148003803837238 81 4.9290980521465055 2000 10 0.17734118131294957
421 12.148003803837238 81 4.9290980521465055 2000 10 0.1821120215659359
371 12.148003803837238 81 4.9290980521465055 2000 10 0.17909497727643628
446 12.148003803837238 81 4.9290980521465055 2000 10 0.18129518276113116
451 12.148003803837238 81 4.9290980521465055 2000 10 0.19061810171495888
401 12.148003803837238 81 4.9290980521465055 2000 10 0.1760708446655584
481 12.148003803837238 81 4.9290980521465055 2000 10 0.18125286113527828
461 12.148003803837238 81 4.9290980521465055 2000 10 0.17793245071097197
456 12.148003803837238 81 4.9290980521465055 2000 10 0.17803886891710966
491 12.148003803837238 81 4.9290980521465055 2000 10 0.1767493827837704
351 12.148003803837238 81 4.9290980521465055 2000 10 0.17540802334033506
521 12.148003803837238 81 4.9290980521465055 2000 10 0.1771747921152753
466 12.148003803837238 81 4.9290980521465055 2000 10 0.19174909993310638
526 12.148003803837238 81 4.9290980521465055 2000 10 0.19099523115398573
471 12.148003803837238 81 4.9290980521465055 2000 10 0.1780280517221287
531 12.148003803837238 81 4.9290980521465055 2000 10 0.17735568067360669
486 12.148003803837238 81 4.9290980521465055 2000 10 0.1769533085305331
501 12.148003803837238 81 4.9290980521465055 2000 10 0.17570407578294125
506 12.148003803837238 81 4.9290980521465055 2000 10 0.18398482537241867
476 12.148003803837238 81 4.9290980521465055 2000 10 0.1771269374493529
516 12.148003803837238 81 4.9290980521465055 2000 10 0.18631806345323182
511 12.148003803837238 81 4.9290980521465055 2000 10 0.174546780961983
496 12.148003803837238 81 4.9290980521465055 2000 10 0.17504834765171756
546 12.148003803837238 81 4.9290980521465055 2000 10 0.18558895386361254
536 12.148003803837238 81 4.9290980521465055 2000 10 0.17558700001643995
541 12.148003803837238 81 4.9290980521465055 2000 10 0.17728757392301056
551 12.148003803837238 81 4.9290980521465055 2000 10 0.17501703852389158
556 12.148003803837238 81 4.9290980521465055 2000 10 0.17646626430889073
297 12.148003803837238 81 4.9290980521465055 2000 10 0.18185592294755137
302 12.148003803837238 81 4.9290980521465055 2000 10 0.1804359796027318
282 12.148003803837238 81 4.9290980521465055 2000 10 0.17653572104271345
307 12.148003803837238 81 4.9290980521465055 2000 10 0.1812491310499226
292 12.148003803837238 81 4.9290980521465055 2000 10 0.17762057156254923
312 12.148003803837238 81 4.9290980521465055 2000 10 0.18118631232301624
397 12.148003803837238 81 4.9290980521465055 2000 10 0.1787323448303106
287 12.148003803837238 81 4.9290980521465055 2000 10 0.1825387651340375
332 12.148003803837238 81 4.9290980521465055 2000 10 0.177454290776127
362 12.148003803837238 81 4.9290980521465055 2000 10 0.18415730530102498
347 12.148003803837238 81 4.9290980521465055 2000 10 0.17483635143634954
317 12.148003803837238 81 4.9290980521465055 2000 10 0.18321572792024124
342 12.148003803837238 81 4.9290980521465055 2000 10 0.18221018515530724
407 12.148003803837238 81 4.9290980521465055 2000 10 0.17822529586968588
392 12.148003803837238 81 4.9290980521465055 2000 10 0.18881106444575893
427 12.148003803837238 81 4.9290980521465055 2000 10 0.17700781850790612
322 12.148003803837238 81 4.9290980521465055 2000 10 0.17473202543521296
417 12.148003803837238 81 4.9290980521465055 2000 10 0.18660542485382758
387 12.148003803837238 81 4.9290980521465055 2000 10 0.17696447768668147
437 12.148003803837238 81 4.9290980521465055 2000 10 0.17691103874527828
432 12.148003803837238 81 4.9290980521465055 2000 10 0.17739977641933333
377 12.148003803837238 81 4.9290980521465055 2000 10 0.17618806898437672
382 12.148003803837238 81 4.9290980521465055 2000 10 0.1747138148362331
452 12.148003803837238 81 4.9290980521465055 2000 10 0.17658949301053722
357 12.148003803837238 81 4.9290980521465055 2000 10 0.1762836181155807
412 12.148003803837238 81 4.9290980521465055 2000 10 0.17784616724175303
367 12.148003803837238 81 4.9290980521465055 2000 10 0.17884492741780095
422 12.148003803837238 81 4.9290980521465055 2000 10 0.1767432454834969
372 12.148003803837238 81 4.9290980521465055 2000 10 0.17725718845481525
442 12.148003803837238 81 4.9290980521465055 2000 10 0.18494923114365078
482 12.148003803837238 81 4.9290980521465055 2000 10 0.17799012735181605
457 12.148003803837238 81 4.9290980521465055 2000 10 0.1767647872424278
402 12.148003803837238 81 4.9290980521465055 2000 10 0.17910851628593297
337 12.148003803837238 81 4.9290980521465055 2000 10 0.18565744149584776
327 12.148003803837238 81 4.9290980521465055 2000 10 0.18823526986455552
462 12.148003803837238 81 4.9290980521465055 2000 10 0.17758556122837357
352 12.148003803837238 81 4.9290980521465055 2000 10 0.17794048993831513
447 12.148003803837238 81 4.9290980521465055 2000 10 0.17559058408941533
492 12.148003803837238 81 4.9290980521465055 2000 10 0.1769143697022263
532 12.148003803837238 81 4.9290980521465055 2000 10 0.17843074879157045
522 12.148003803837238 81 4.9290980521465055 2000 10 0.18782966759794847
467 12.148003803837238 81 4.9290980521465055 2000 10 0.19895602358356146
527 12.148003803837238 81 4.9290980521465055 2000 10 0.18871942511602094
487 12.148003803837238 81 4.9290980521465055 2000 10 0.17659639532693075
472 12.148003803837238 81 4.9290980521465055 2000 10 0.1813158820895646
502 12.148003803837238 81 4.9290980521465055 2000 10 0.17937744217619372
507 12.148003803837238 81 4.9290980521465055 2000 10 0.17436482554928712
477 12.148003803837238 81 4.9290980521465055 2000 10 0.17678239539237936
512 12.148003803837238 81 4.9290980521465055 2000 10 0.1858196979643844
547 12.148003803837238 81 4.9290980521465055 2000 10 0.17539740231915255
497 12.148003803837238 81 4.9290980521465055 2000 10 0.18185645220239058
517 12.148003803837238 81 4.9290980521465055 2000 10 0.1781540074680276
537 12.148003803837238 81 4.9290980521465055 2000 10 0.17883499136559247
552 12.148003803837238 81 4.9290980521465055 2000 10 0.1748292556729258
542 12.148003803837238 81 4.9290980521465055 2000 10 0.1787661933597903
557 12.148003803837238 81 4.9290980521465055 2000 10 0.1785122950030058
298 12.148003803837238 81 4.9290980521465055 2000 10 0.17603352801647812
303 12.148003803837238 81 4.9290980521465055 2000 10 0.17468712023074573
283 12.148003803837238 81 4.9290980521465055 2000 10 0.1798127678973687
308 12.148003803837238 81 4.9290980521465055 2000 10 0.18009624326111423
293 12.148003803837238 81 4.9290980521465055 2000 10 0.17767749056785623
398 12.148003803837238 81 4.9290980521465055 2000 10 0.176065038107583
363 12.148003803837238 81 4.9290980521465055 2000 10 0.18701955205259346
288 12.148003803837238 81 4.9290980521465055 2000 10 0.1775159418018533
313 12.148003803837238 81 4.9290980521465055 2000 10 0.17707673267294288
348 12.148003803837238 81 4.9290980521465055 2000 10 0.1787637446756629
318 12.148003803837238 81 4.9290980521465055 2000 10 0.18291543116077108
408 12.148003803837238 81 4.9290980521465055 2000 10 0.1826906597938987
333 12.148003803837238 81 4.9290980521465055 2000 10 0.17706954251809487
418 12.148003803837238 81 4.9290980521465055 2000 10 0.17595002627138245
343 12.148003803837238 81 4.9290980521465055 2000 10 0.1865249735181516
323 12.148003803837238 81 4.9290980521465055 2000 10 0.1748660436919737
393 12.148003803837238 81 4.9290980521465055 2000 10 0.18327041635900315
438 12.148003803837238 81 4.9290980521465055 2000 10 0.17669361239078973
428 12.148003803837238 81 4.9290980521465055 2000 10 0.18039103920035057
433 12.148003803837238 81 4.9290980521465055 2000 10 0.1913712063162745
388 12.148003803837238 81 4.9290980521465055 2000 10 0.18660257101194164
483 12.148003803837238 81 4.9290980521465055 2000 10 0.18288313973950057
383 12.148003803837238 81 4.9290980521465055 2000 10 0.17614053745139405
403 12.148003803837238 81 4.9290980521465055 2000 10 0.1764487822019775
453 12.148003803837238 81 4.9290980521465055 2000 10 0.18103789445454885
458 12.148003803837238 81 4.9290980521465055 2000 10 0.1769256229630451
378 12.148003803837238 81 4.9290980521465055 2000 10 0.18260277394527258
493 12.148003803837238 81 4.9290980521465055 2000 10 0.17634912856536522
413 12.148003803837238 81 4.9290980521465055 2000 10 0.18871708140767235
358 12.148003803837238 81 4.9290980521465055 2000 10 0.1744874399216593
463 12.148003803837238 81 4.9290980521465055 2000 10 0.18316566145954732
368 12.148003803837238 81 4.9290980521465055 2000 10 0.1764959486043133
443 12.148003803837238 81 4.9290980521465055 2000 10 0.18288059832979509
373 12.148003803837238 81 4.9290980521465055 2000 10 0.1754114199117962
328 12.148003803837238 81 4.9290980521465055 2000 10 0.17996760693569272
533 12.148003803837238 81 4.9290980521465055 2000 10 0.18187117573970726
448 12.148003803837238 81 4.9290980521465055 2000 10 0.1762498701814479
423 12.148003803837238 81 4.9290980521465055 2000 10 0.18005109371207167
338 12.148003803837238 81 4.9290980521465055 2000 10 0.17598458336247658
523 12.148003803837238 81 4.9290980521465055 2000 10 0.1806791998943591
528 12.148003803837238 81 4.9290980521465055 2000 10 0.17748352163629066
353 12.148003803837238 81 4.9290980521465055 2000 10 0.18719444232135865
468 12.148003803837238 81 4.9290980521465055 2000 10 0.18339267167221895
488 12.148003803837238 81 4.9290980521465055 2000 10 0.18219344933161302
548 12.148003803837238 81 4.9290980521465055 2000 10 0.204387086770607
473 12.148003803837238 81 4.9290980521465055 2000 10 0.19132178929108043
513 12.148003803837238 81 4.9290980521465055 2000 10 0.18364043377097392
508 12.148003803837238 81 4.9290980521465055 2000 10 0.17962140833901455
478 12.148003803837238 81 4.9290980521465055 2000 10 0.19129025608048514
518 12.148003803837238 81 4.9290980521465055 2000 10 0.18131807220276286
498 12.148003803837238 81 4.9290980521465055 2000 10 0.17610478210903027
558 12.148003803837238 81 4.9290980521465055 2000 10 0.1760872948496307
503 12.148003803837238 81 4.9290980521465055 2000 10 0.18553689115882294
543 12.148003803837238 81 4.9290980521465055 2000 10 0.1776499582410533
538 12.148003803837238 81 4.9290980521465055 2000 10 0.18227196107371668
553 12.148003803837238 81 4.9290980521465055 2000 10 0.17897247366247473
299 12.148003803837238 81 4.9290980521465055 2000 10 0.17775651184738622
304 12.148003803837238 81 4.9290980521465055 2000 10 0.17427590313347494
284 12.148003803837238 81 4.9290980521465055 2000 10 0.17975290008524072
399 12.148003803837238 81 4.9290980521465055 2000 10 0.17775617375663255
294 12.148003803837238 81 4.9290980521465055 2000 10 0.18868495904029547
309 12.148003803837238 81 4.9290980521465055 2000 10 0.2057298102861379
364 12.148003803837238 81 4.9290980521465055 2000 10 0.17656029956798625
289 12.148003803837238 81 4.9290980521465055 2000 10 0.17801983175605626
409 12.148003803837238 81 4.9290980521465055 2000 10 0.18395860651742643
314 12.148003803837238 81 4.9290980521465055 2000 10 0.17570658366949005
439 12.148003803837238 81 4.9290980521465055 2000 10 0.1773152524700702
334 12.148003803837238 81 4.9290980521465055 2000 10 0.1789395392508689
319 12.148003803837238 81 4.9290980521465055 2000 10 0.17498456289706688
324 12.148003803837238 81 4.9290980521465055 2000 10 0.17516548412425587
349 12.148003803837238 81 4.9290980521465055 2000 10 0.1777011310161851
419 12.148003803837238 81 4.9290980521465055 2000 10 0.18257532071930405
344 12.148003803837238 81 4.9290980521465055 2000 10 0.17653889416649768
394 12.148003803837238 81 4.9290980521465055 2000 10 0.17758796607515426
429 12.148003803837238 81 4.9290980521465055 2000 10 0.1771248166318455
484 12.148003803837238 81 4.9290980521465055 2000 10 0.17708730306069262
389 12.148003803837238 81 4.9290980521465055 2000 10 0.17743459118653385
434 12.148003803837238 81 4.9290980521465055 2000 10 0.17482214253842954
379 12.148003803837238 81 4.9290980521465055 2000 10 0.183061717550582
464 12.148003803837238 81 4.9290980521465055 2000 10 0.178661505652665
494 12.148003803837238 81 4.9290980521465055 2000 10 0.1789742738558513
404 12.148003803837238 81 4.9290980521465055 2000 10 0.19004162603408953
384 12.148003803837238 81 4.9290980521465055 2000 10 0.17620782454061723
329 12.148003803837238 81 4.9290980521465055 2000 10 0.20182400787623778
534 12.148003803837238 81 4.9290980521465055 2000 10 0.20395757250611277
459 12.148003803837238 81 4.9290980521465055 2000 10 0.18108070893828537
444 12.148003803837238 81 4.9290980521465055 2000 10 0.17661836652898885
454 12.148003803837238 81 4.9290980521465055 2000 10 0.18176452148162198
414 12.148003803837238 81 4.9290980521465055 2000 10 0.1754528289918255
449 12.148003803837238 81 4.9290980521465055 2000 10 0.17785489673115973
424 12.148003803837238 81 4.9290980521465055 2000 10 0.1766000795536646
369 12.148003803837238 81 4.9290980521465055 2000 10 0.1778039767415671
374 12.148003803837238 81 4.9290980521465055 2000 10 0.19008958171743268
359 12.148003803837238 81 4.9290980521465055 2000 10 0.18367518885650158
529 12.148003803837238 81 4.9290980521465055 2000 10 0.18784538319285843
524 12.148003803837238 81 4.9290980521465055 2000 10 0.1747826927262205
549 12.148003803837238 81 4.9290980521465055 2000 10 0.17823601484501087
354 12.148003803837238 81 4.9290980521465055 2000 10 0.17632344007556736
514 12.148003803837238 81 4.9290980521465055 2000 10 0.18717107576618594
519 12.148003803837238 81 4.9290980521465055 2000 10 0.1764974403482782
469 12.148003803837238 81 4.9290980521465055 2000 10 0.17889205739553968
474 12.148003803837238 81 4.9290980521465055 2000 10 0.17672361230550226
509 12.148003803837238 81 4.9290980521465055 2000 10 0.1865016046338535
489 12.148003803837238 81 4.9290980521465055 2000 10 0.17825709162146136
559 12.148003803837238 81 4.9290980521465055 2000 10 0.1763040154586308
504 12.148003803837238 81 4.9290980521465055 2000 10 0.18716202446072241
499 12.148003803837238 81 4.9290980521465055 2000 10 0.1751508141238837
479 12.148003803837238 81 4.9290980521465055 2000 10 0.17996967884083848
544 12.148003803837238 81 4.9290980521465055 2000 10 0.1787125961921694
539 12.148003803837238 81 4.9290980521465055 2000 10 0.19259442187645434
554 12.148003803837238 81 4.9290980521465055 2000 10 0.18073361667764162
560 12.148003803837238 81 4.9290980521465055 2000 10 0.17725413701783077
565 12.148003803837238 81 4.9290980521465055 2000 10 0.1762751313626466
575 12.148003803837238 81 4.9290980521465055 2000 10 0.18138579138748512
570 12.148003803837238 81 4.9290980521465055 2000 10 0.17943507025586994
580 12.148003803837238 81 4.9290980521465055 2000 10 0.17751017697188018
590 12.148003803837238 81 4.9290980521465055 2000 10 0.18408047289897217
585 12.148003803837238 81 4.9290980521465055 2000 10 0.17768681929078625
615 12.148003803837238 81 4.9290980521465055 2000 10 0.18283305986007428
630 12.148003803837238 81 4.9290980521465055 2000 10 0.1744197962364534
595 12.148003803837238 81 4.9290980521465055 2000 10 0.17533005812031927
600 12.148003803837238 81 4.9290980521465055 2000 10 0.18406454546058296
605 12.148003803837238 81 4.9290980521465055 2000 10 0.18822938109701007
635 12.148003803837238 81 4.9290980521465055 2000 10 0.1789215811058565
645 12.148003803837238 81 4.9290980521465055 2000 10 0.1755801923320125
625 12.148003803837238 81 4.9290980521465055 2000 10 0.1758004659639935
620 12.148003803837238 81 4.9290980521465055 2000 10 0.17974782029623065
610 12.148003803837238 81 4.9290980521465055 2000 10 0.18773660122192726
650 12.148003803837238 81 4.9290980521465055 2000 10 0.178977325567032
655 12.148003803837238 81 4.9290980521465055 2000 10 0.18217311652999976
675 12.148003803837238 81 4.9290980521465055 2000 10 0.17628035150793575
705 12.148003803837238 81 4.9290980521465055 2000 10 0.17680559749211783
690 12.148003803837238 81 4.9290980521465055 2000 10 0.18062117330476962
700 12.148003803837238 81 4.9290980521465055 2000 10 0.18607859767256343
680 12.148003803837238 81 4.9290980521465055 2000 10 0.17630909159343836
640 12.148003803837238 81 4.9290980521465055 2000 10 0.17709101490777313
710 12.148003803837238 81 4.9290980521465055 2000 10 0.18021493125762786
660 12.148003803837238 81 4.9290980521465055 2000 10 0.17682896930129058
670 12.148003803837238 81 4.9290980521465055 2000 10 0.1780959943266813
685 12.148003803837238 81 4.9290980521465055 2000 10 0.2032044086355229
665 12.148003803837238 81 4.9290980521465055 2000 10 0.17599252204202376
715 12.148003803837238 81 4.9290980521465055 2000 10 0.17955754958661688
695 12.148003803837238 81 4.9290980521465055 2000 10 0.17658904665799713
720 12.148003803837238 81 4.9290980521465055 2000 10 0.19827412205943193
730 12.148003803837238 81 4.9290980521465055 2000 10 0.19909709938170256
725 12.148003803837238 81 4.9290980521465055 2000 10 0.17493551147995484
735 12.148003803837238 81 4.9290980521465055 2000 10 0.17701557171448298
745 12.148003803837238 81 4.9290980521465055 2000 10 0.18417758650987537
740 12.148003803837238 81 4.9290980521465055 2000 10 0.1772676737575952
750 12.148003803837238 81 4.9290980521465055 2000 10 0.17452509405762093
755 12.148003803837238 81 4.9290980521465055 2000 10 0.17978506572161285
765 12.148003803837238 81 4.9290980521465055 2000 10 0.17811249947747723
760 12.148003803837238 81 4.9290980521465055 2000 10 0.1807289498982128
775 12.148003803837238 81 4.9290980521465055 2000 10 0.17703373982669104
780 12.148003803837238 81 4.9290980521465055 2000 10 0.17442351376000098
805 12.148003803837238 81 4.9290980521465055 2000 10 0.18404504081833223
770 12.148003803837238 81 4.9290980521465055 2000 10 0.17840695038964863
785 12.148003803837238 81 4.9290980521465055 2000 10 0.17834486667392066
795 12.148003803837238 81 4.9290980521465055 2000 10 0.1764808173882021
790 12.148003803837238 81 4.9290980521465055 2000 10 0.1767727806674283
810 12.148003803837238 81 4.9290980521465055 2000 10 0.1776910430911652
800 12.148003803837238 81 4.9290980521465055 2000 10 0.1787974782060805
815 12.148003803837238 81 4.9290980521465055 2000 10 0.1744335968481795
820 12.148003803837238 81 4.9290980521465055 2000 10 0.1802451341851446
825 12.148003803837238 81 4.9290980521465055 2000 10 0.17666176257579333
830 12.148003803837238 81 4.9290980521465055 2000 10 0.1887622386386709
835 12.148003803837238 81 4.9290980521465055 2000 10 0.18032259495318315
561 12.148003803837238 81 4.9290980521465055 2000 10 0.17687204770924345
566 12.148003803837238 81 4.9290980521465055 2000 10 0.17976646881040523
576 12.148003803837238 81 4.9290980521465055 2000 10 0.1767394691287991
581 12.148003803837238 81 4.9290980521465055 2000 10 0.1798883378594704
571 12.148003803837238 81 4.9290980521465055 2000 10 0.17461831538749936
591 12.148003803837238 81 4.9290980521465055 2000 10 0.1766084264757785
616 12.148003803837238 81 4.9290980521465055 2000 10 0.19750186174952272
601 12.148003803837238 81 4.9290980521465055 2000 10 0.1799529545629484
586 12.148003803837238 81 4.9290980521465055 2000 10 0.17654481074865572
631 12.148003803837238 81 4.9290980521465055 2000 10 0.20046050709692342
596 12.148003803837238 81 4.9290980521465055 2000 10 0.17581333925210219
606 12.148003803837238 81 4.9290980521465055 2000 10 0.1813926796117743
621 12.148003803837238 81 4.9290980521465055 2000 10 0.17798767731761472
636 12.148003803837238 81 4.9290980521465055 2000 10 0.18110502795125716
646 12.148003803837238 81 4.9290980521465055 2000 10 0.17651682394336335
611 12.148003803837238 81 4.9290980521465055 2000 10 0.17864304732962832
626 12.148003803837238 81 4.9290980521465055 2000 10 0.18030954798418433
676 12.148003803837238 81 4.9290980521465055 2000 10 0.174825788201437
706 12.148003803837238 81 4.9290980521465055 2000 10 0.17552260226633382
701 12.148003803837238 81 4.9290980521465055 2000 10 0.17658995204645178
656 12.148003803837238 81 4.9290980521465055 2000 10 0.17665805587629257
681 12.148003803837238 81 4.9290980521465055 2000 10 0.17516103953982565
691 12.148003803837238 81 4.9290980521465055 2000 10 0.1742101461949241
651 12.148003803837238 81 4.9290980521465055 2000 10 0.17576978386801065
711 12.148003803837238 81 4.9290980521465055 2000 10 0.18329787166506648
641 12.148003803837238 81 4.9290980521465055 2000 10 0.17814742068581219
696 12.148003803837238 81 4.9290980521465055 2000 10 0.17713612972023263
686 12.148003803837238 81 4.9290980521465055 2000 10 0.17822996434493596
661 12.148003803837238 81 4.9290980521465055 2000 10 0.1804540969149733
721 12.148003803837238 81 4.9290980521465055 2000 10 0.17603000257454693
716 12.148003803837238 81 4.9290980521465055 2000 10 0.1749877601983313
666 12.148003803837238 81 4.9290980521465055 2000 10 0.1764535577981883
671 12.148003803837238 81 4.9290980521465055 2000 10 0.17467334147100708
731 12.148003803837238 81 4.9290980521465055 2000 10 0.19046701584902748
726 12.148003803837238 81 4.9290980521465055 2000 10 0.18075391190276116
736 12.148003803837238 81 4.9290980521465055 2000 10 0.1781046376035261
751 12.148003803837238 81 4.9290980521465055 2000 10 0.17611941966362069
766 12.148003803837238 81 4.9290980521465055 2000 10 0.17731508798169082
746 12.148003803837238 81 4.9290980521465055 2000 10 0.1748251077936498
756 12.148003803837238 81 4.9290980521465055 2000 10 0.17662112966863808
741 12.148003803837238 81 4.9290980521465055 2000 10 0.17751570862995297
776 12.148003803837238 81 4.9290980521465055 2000 10 0.1756858610354241
806 12.148003803837238 81 4.9290980521465055 2000 10 0.18142048909661299
781 12.148003803837238 81 4.9290980521465055 2000 10 0.17433618492816963
761 12.148003803837238 81 4.9290980521465055 2000 10 0.18040449508593784
771 12.148003803837238 81 4.9290980521465055 2000 10 0.18104503819057402
796 12.148003803837238 81 4.9290980521465055 2000 10 0.17742322913577754
811 12.148003803837238 81 4.9290980521465055 2000 10 0.17959798112663244
786 12.148003803837238 81 4.9290980521465055 2000 10 0.18125324752212818
791 12.148003803837238 81 4.9290980521465055 2000 10 0.17962209778257485
816 12.148003803837238 81 4.9290980521465055 2000 10 0.17876374797973185
801 12.148003803837238 81 4.9290980521465055 2000 10 0.1769788247779081
821 12.148003803837238 81 4.9290980521465055 2000 10 0.17682593283695738
836 12.148003803837238 81 4.9290980521465055 2000 10 0.18684340788528603
826 12.148003803837238 81 4.9290980521465055 2000 10 0.1757906927666058
831 12.148003803837238 81 4.9290980521465055 2000 10 0.17470442163300665
562 12.148003803837238 81 4.9290980521465055 2000 10 0.174757562948975
567 12.148003803837238 81 4.9290980521465055 2000 10 0.19589398311962614
577 12.148003803837238 81 4.9290980521465055 2000 10 0.19511133257784324
592 12.148003803837238 81 4.9290980521465055 2000 10 0.17783262097894442
572 12.148003803837238 81 4.9290980521465055 2000 10 0.17637595846917067
582 12.148003803837238 81 4.9290980521465055 2000 10 0.1763987405515857
617 12.148003803837238 81 4.9290980521465055 2000 10 0.18472593957511982
587 12.148003803837238 81 4.9290980521465055 2000 10 0.1756995769528375
602 12.148003803837238 81 4.9290980521465055 2000 10 0.17670937999293887
632 12.148003803837238 81 4.9290980521465055 2000 10 0.17678349228608994
597 12.148003803837238 81 4.9290980521465055 2000 10 0.17641528168741344
647 12.148003803837238 81 4.9290980521465055 2000 10 0.1764881870475637
607 12.148003803837238 81 4.9290980521465055 2000 10 0.17791304213079887
702 12.148003803837238 81 4.9290980521465055 2000 10 0.17575749590629794
657 12.148003803837238 81 4.9290980521465055 2000 10 0.17678142278155096
637 12.148003803837238 81 4.9290980521465055 2000 10 0.1776108883114903
622 12.148003803837238 81 4.9290980521465055 2000 10 0.1924671750099528
612 12.148003803837238 81 4.9290980521465055 2000 10 0.2031225920966455
682 12.148003803837238 81 4.9290980521465055 2000 10 0.19556431908550997
627 12.148003803837238 81 4.9290980521465055 2000 10 0.1781400527025306
677 12.148003803837238 81 4.9290980521465055 2000 10 0.17575835243820243
707 12.148003803837238 81 4.9290980521465055 2000 10 0.18813602556529707
652 12.148003803837238 81 4.9290980521465055 2000 10 0.18351699603593782
692 12.148003803837238 81 4.9290980521465055 2000 10 0.17704859417290958
712 12.148003803837238 81 4.9290980521465055 2000 10 0.17806791680158557
662 12.148003803837238 81 4.9290980521465055 2000 10 0.18047888986091637
642 12.148003803837238 81 4.9290980521465055 2000 10 0.18161611024801463
687 12.148003803837238 81 4.9290980521465055 2000 10 0.1779855612240943
697 12.148003803837238 81 4.9290980521465055 2000 10 0.17680648841666852
717 12.148003803837238 81 4.9290980521465055 2000 10 0.17434224593530692
722 12.148003803837238 81 4.9290980521465055 2000 10 0.17636206049812345
667 12.148003803837238 81 4.9290980521465055 2000 10 0.1768845162615063
732 12.148003803837238 81 4.9290980521465055 2000 10 0.17827177094306756
737 12.148003803837238 81 4.9290980521465055 2000 10 0.18732442999809204
752 12.148003803837238 81 4.9290980521465055 2000 10 0.18248019509699775
672 12.148003803837238 81 4.9290980521465055 2000 10 0.17683939192350073
727 12.148003803837238 81 4.9290980521465055 2000 10 0.17980930489167737
767 12.148003803837238 81 4.9290980521465055 2000 10 0.19616082139512706
747 12.148003803837238 81 4.9290980521465055 2000 10 0.1821142949372472
742 12.148003803837238 81 4.9290980521465055 2000 10 0.18177016266854576
757 12.148003803837238 81 4.9290980521465055 2000 10 0.17993894892822382
807 12.148003803837238 81 4.9290980521465055 2000 10 0.17927429005393158
777 12.148003803837238 81 4.9290980521465055 2000 10 0.17490612708051045
782 12.148003803837238 81 4.9290980521465055 2000 10 0.17925559792064782
762 12.148003803837238 81 4.9290980521465055 2000 10 0.17745600189927346
812 12.148003803837238 81 4.9290980521465055 2000 10 0.17590901491058497
772 12.148003803837238 81 4.9290980521465055 2000 10 0.18751883615256257
787 12.148003803837238 81 4.9290980521465055 2000 10 0.1798827914183842
817 12.148003803837238 81 4.9290980521465055 2000 10 0.18345451587261902
797 12.148003803837238 81 4.9290980521465055 2000 10 0.17689451047617344
792 12.148003803837238 81 4.9290980521465055 2000 10 0.18004825739382085
802 12.148003803837238 81 4.9290980521465055 2000 10 0.1794395752042704
837 12.148003803837238 81 4.9290980521465055 2000 10 0.17960972122788774
822 12.148003803837238 81 4.9290980521465055 2000 10 0.18440603383728738
827 12.148003803837238 81 4.9290980521465055 2000 10 0.1757803608207341
832 12.148003803837238 81 4.9290980521465055 2000 10 0.17739436025340805
563 12.148003803837238 81 4.9290980521465055 2000 10 0.18248821789212294
578 12.148003803837238 81 4.9290980521465055 2000 10 0.1865042183616527
568 12.148003803837238 81 4.9290980521465055 2000 10 0.17435127306477638
593 12.148003803837238 81 4.9290980521465055 2000 10 0.1790726475572215
583 12.148003803837238 81 4.9290980521465055 2000 10 0.17973026946022003
618 12.148003803837238 81 4.9290980521465055 2000 10 0.19215739674851798
573 12.148003803837238 81 4.9290980521465055 2000 10 0.1765847796807734
603 12.148003803837238 81 4.9290980521465055 2000 10 0.18896513817448274
633 12.148003803837238 81 4.9290980521465055 2000 10 0.17455748376647015
588 12.148003803837238 81 4.9290980521465055 2000 10 0.1777554031557345
658 12.148003803837238 81 4.9290980521465055 2000 10 0.18708378930782849
648 12.148003803837238 81 4.9290980521465055 2000 10 0.19001860699146192
703 12.148003803837238 81 4.9290980521465055 2000 10 0.17557706046718552
598 12.148003803837238 81 4.9290980521465055 2000 10 0.17863332116916408
608 12.148003803837238 81 4.9290980521465055 2000 10 0.17442632263272895
693 12.148003803837238 81 4.9290980521465055 2000 10 0.18443152685665407
683 12.148003803837238 81 4.9290980521465055 2000 10 0.17984335340271396
623 12.148003803837238 81 4.9290980521465055 2000 10 0.17798984454622466
638 12.148003803837238 81 4.9290980521465055 2000 10 0.18021343272293922
713 12.148003803837238 81 4.9290980521465055 2000 10 0.1755326585166224
653 12.148003803837238 81 4.9290980521465055 2000 10 0.17952959007760314
613 12.148003803837238 81 4.9290980521465055 2000 10 0.18264169858217802
708 12.148003803837238 81 4.9290980521465055 2000 10 0.17793911145774136
628 12.148003803837238 81 4.9290980521465055 2000 10 0.17653150843904747
678 12.148003803837238 81 4.9290980521465055 2000 10 0.17427038388111285
698 12.148003803837238 81 4.9290980521465055 2000 10 0.1755667629123532
718 12.148003803837238 81 4.9290980521465055 2000 10 0.18061185349564557
663 12.148003803837238 81 4.9290980521465055 2000 10 0.18572381370104626
643 12.148003803837238 81 4.9290980521465055 2000 10 0.18211399184640986
688 12.148003803837238 81 4.9290980521465055 2000 10 0.1828690726036647
723 12.148003803837238 81 4.9290980521465055 2000 10 0.17929223280460152
753 12.148003803837238 81 4.9290980521465055 2000 10 0.18052440559275099
733 12.148003803837238 81 4.9290980521465055 2000 10 0.17529494543741986
668 12.148003803837238 81 4.9290980521465055 2000 10 0.17613783227128624
738 12.148003803837238 81 4.9290980521465055 2000 10 0.2152953255734589
673 12.148003803837238 81 4.9290980521465055 2000 10 0.1877955325249384
768 12.148003803837238 81 4.9290980521465055 2000 10 0.18776108674642805
728 12.148003803837238 81 4.9290980521465055 2000 10 0.1793164001946336
758 12.148003803837238 81 4.9290980521465055 2000 10 0.17478289757562496
748 12.148003803837238 81 4.9290980521465055 2000 10 0.17974270583468938
743 12.148003803837238 81 4.9290980521465055 2000 10 0.18274054065086712
808 12.148003803837238 81 4.9290980521465055 2000 10 0.17515207704453062
778 12.148003803837238 81 4.9290980521465055 2000 10 0.19054140660588284
783 12.148003803837238 81 4.9290980521465055 2000 10 0.1819499959338747
763 12.148003803837238 81 4.9290980521465055 2000 10 0.17751200002014914
813 12.148003803837238 81 4.9290980521465055 2000 10 0.1764577315340615
788 12.148003803837238 81 4.9290980521465055 2000 10 0.17449744855041627
773 12.148003803837238 81 4.9290980521465055 2000 10 0.17843648711953253
798 12.148003803837238 81 4.9290980521465055 2000 10 0.18676782376614617
818 12.148003803837238 81 4.9290980521465055 2000 10 0.18399095847313782
793 12.148003803837238 81 4.9290980521465055 2000 10 0.18310715904551705
838 12.148003803837238 81 4.9290980521465055 2000 10 0.17563311377015445
803 12.148003803837238 81 4.9290980521465055 2000 10 0.18291734508424337
823 12.148003803837238 81 4.9290980521465055 2000 10 0.17482439349304468
833 12.148003803837238 81 4.9290980521465055 2000 10 0.17710359482816543
828 12.148003803837238 81 4.9290980521465055 2000 10 0.1762939970111742
564 12.148003803837238 81 4.9290980521465055 2000 10 0.18057624051955412
569 12.148003803837238 81 4.9290980521465055 2000 10 0.1747406857216639
579 12.148003803837238 81 4.9290980521465055 2000 10 0.18307094743845853
594 12.148003803837238 81 4.9290980521465055 2000 10 0.17554395869275313
619 12.148003803837238 81 4.9290980521465055 2000 10 0.17513449033549267
584 12.148003803837238 81 4.9290980521465055 2000 10 0.17980715587322962
574 12.148003803837238 81 4.9290980521465055 2000 10 0.1769991455798263
604 12.148003803837238 81 4.9290980521465055 2000 10 0.17582140098333293
634 12.148003803837238 81 4.9290980521465055 2000 10 0.17660287884459952
589 12.148003803837238 81 4.9290980521465055 2000 10 0.17920492041587519
649 12.148003803837238 81 4.9290980521465055 2000 10 0.17894293039471348
659 12.148003803837238 81 4.9290980521465055 2000 10 0.18219215961795396
694 12.148003803837238 81 4.9290980521465055 2000 10 0.18675781017694457
704 12.148003803837238 81 4.9290980521465055 2000 10 0.17974792621976915
609 12.148003803837238 81 4.9290980521465055 2000 10 0.17721492547756987
714 12.148003803837238 81 4.9290980521465055 2000 10 0.17584244946416802
684 12.148003803837238 81 4.9290980521465055 2000 10 0.17452795924554115
599 12.148003803837238 81 4.9290980521465055 2000 10 0.1802139938818495
624 12.148003803837238 81 4.9290980521465055 2000 10 0.18157847893377774
709 12.148003803837238 81 4.9290980521465055 2000 10 0.18069751042881455
639 12.148003803837238 81 4.9290980521465055 2000 10 0.1764512060169174
654 12.148003803837238 81 4.9290980521465055 2000 10 0.18946005584122158
614 12.148003803837238 81 4.9290980521465055 2000 10 0.19820299946164519
679 12.148003803837238 81 4.9290980521465055 2000 10 0.18453809005073146
629 12.148003803837238 81 4.9290980521465055 2000 10 0.1809071804174562
699 12.148003803837238 81 4.9290980521465055 2000 10 0.18358059095820076
689 12.148003803837238 81 4.9290980521465055 2000 10 0.178909394667767
644 12.148003803837238 81 4.9290980521465055 2000 10 0.1830540850924594
664 12.148003803837238 81 4.9290980521465055 2000 10 0.18218293012541242
719 12.148003803837238 81 4.9290980521465055 2000 10 0.17647079996349485
724 12.148003803837238 81 4.9290980521465055 2000 10 0.18445508942142583
769 12.148003803837238 81 4.9290980521465055 2000 10 0.18052718877248114
669 12.148003803837238 81 4.9290980521465055 2000 10 0.18387865311034107
734 12.148003803837238 81 4.9290980521465055 2000 10 0.1827816139509187
739 12.148003803837238 81 4.9290980521465055 2000 10 0.17636925614731147
754 12.148003803837238 81 4.9290980521465055 2000 10 0.1857594978875025
674 12.148003803837238 81 4.9290980521465055 2000 10 0.1766549052213392
729 12.148003803837238 81 4.9290980521465055 2000 10 0.1913932336523643
809 12.148003803837238 81 4.9290980521465055 2000 10 0.17497615918389464
784 12.148003803837238 81 4.9290980521465055 2000 10 0.179362338446819
779 12.148003803837238 81 4.9290980521465055 2000 10 0.1795120500823495
759 12.148003803837238 81 4.9290980521465055 2000 10 0.18396843253721382
749 12.148003803837238 81 4.9290980521465055 2000 10 0.17571870116508492
744 12.148003803837238 81 4.9290980521465055 2000 10 0.17544568045673978
764 12.148003803837238 81 4.9290980521465055 2000 10 0.19253605817479133
814 12.148003803837238 81 4.9290980521465055 2000 10 0.18366476139289373
789 12.148003803837238 81 4.9290980521465055 2000 10 0.17810481451709467
799 12.148003803837238 81 4.9290980521465055 2000 10 0.17481599831267783
819 12.148003803837238 81 4.9290980521465055 2000 10 0.17502914176685985
839 12.148003803837238 81 4.9290980521465055 2000 10 0.1859213817408583
774 12.148003803837238 81 4.9290980521465055 2000 10 0.17478899106846169
794 12.148003803837238 81 4.9290980521465055 2000 10 0.17686698339292864
804 12.148003803837238 81 4.9290980521465055 2000 10 0.18655822211536693
824 12.148003803837238 81 4.9290980521465055 2000 10 0.17888097463856115
834 12.148003803837238 81 4.9290980521465055 2000 10 0.17992364946759407
829 12.148003803837238 81 4.9290980521465055 2000 10 0.18184779191742842
840 12.148003803837238 81 4.9290980521465055 2000 10 0.1769667717664933
845 12.148003803837238 81 4.9290980521465055 2000 10 0.18300396963509946
850 12.148003803837238 81 4.9290980521465055 2000 10 0.17824826708906932
855 12.148003803837238 81 4.9290980521465055 2000 10 0.17426220785336688
860 12.148003803837238 81 4.9290980521465055 2000 10 0.17678997069591182
865 12.148003803837238 81 4.9290980521465055 2000 10 0.17579239882846745
870 12.148003803837238 81 4.9290980521465055 2000 10 0.17799636029728758
875 12.148003803837238 81 4.9290980521465055 2000 10 0.18432255711945916
880 12.148003803837238 81 4.9290980521465055 2000 10 0.17594328551734217
885 12.148003803837238 81 4.9290980521465055 2000 10 0.1795630814517857
895 12.148003803837238 81 4.9290980521465055 2000 10 0.1745043624489351
890 12.148003803837238 81 4.9290980521465055 2000 10 0.17909766577900046
920 12.148003803837238 81 4.9290980521465055 2000 10 0.18306234802310806
925 12.148003803837238 81 4.9290980521465055 2000 10 0.1873256043403803
900 12.148003803837238 81 4.9290980521465055 2000 10 0.17728122033519228
905 12.148003803837238 81 4.9290980521465055 2000 10 0.17877057512518083
950 12.148003803837238 81 4.9290980521465055 2000 10 0.1803289130581238
915 12.148003803837238 81 4.9290980521465055 2000 10 0.1783756942357141
935 12.148003803837238 81 4.9290980521465055 2000 10 0.17591247282300462
940 12.148003803837238 81 4.9290980521465055 2000 10 0.17754930553770795
910 12.148003803837238 81 4.9290980521465055 2000 10 0.17627341937088348
930 12.148003803837238 81 4.9290980521465055 2000 10 0.18848167332036525
955 12.148003803837238 81 4.9290980521465055 2000 10 0.18364001499803329
960 12.148003803837238 81 4.9290980521465055 2000 10 0.17660319520172502
945 12.148003803837238 81 4.9290980521465055 2000 10 0.17631716623105295
975 12.148003803837238 81 4.9290980521465055 2000 10 0.17499094218685068
970 12.148003803837238 81 4.9290980521465055 2000 10 0.17876250998944765
980 12.148003803837238 81 4.9290980521465055 2000 10 0.1821314643735497
965 12.148003803837238 81 4.9290980521465055 2000 10 0.18002362581971376
985 12.148003803837238 81 4.9290980521465055 2000 10 0.17742053487150405
990 12.148003803837238 81 4.9290980521465055 2000 10 0.17684496506680902
995 12.148003803837238 81 4.9290980521465055 2000 10 0.17583655176586402
841 12.148003803837238 81 4.9290980521465055 2000 10 0.1766664569939944
846 12.148003803837238 81 4.9290980521465055 2000 10 0.18590021217726935
851 12.148003803837238 81 4.9290980521465055 2000 10 0.17741013534918118
856 12.148003803837238 81 4.9290980521465055 2000 10 0.1790122747941138
861 12.148003803837238 81 4.9290980521465055 2000 10 0.18432324805688044
866 12.148003803837238 81 4.9290980521465055 2000 10 0.20199120042388558
871 12.148003803837238 81 4.9290980521465055 2000 10 0.17648068351337232
876 12.148003803837238 81 4.9290980521465055 2000 10 0.21479639919914506
886 12.148003803837238 81 4.9290980521465055 2000 10 0.17568494754681208
881 12.148003803837238 81 4.9290980521465055 2000 10 0.1762851089031876
891 12.148003803837238 81 4.9290980521465055 2000 10 0.17675105798893445
926 12.148003803837238 81 4.9290980521465055 2000 10 0.17964350405414187
921 12.148003803837238 81 4.9290980521465055 2000 10 0.1758815585307058
896 12.148003803837238 81 4.9290980521465055 2000 10 0.17515211202984984
951 12.148003803837238 81 4.9290980521465055 2000 10 0.17966860841515703
901 12.148003803837238 81 4.9290980521465055 2000 10 0.17776092087386766
936 12.148003803837238 81 4.9290980521465055 2000 10 0.17577025959318215
941 12.148003803837238 81 4.9290980521465055 2000 10 0.17715854560362548
911 12.148003803837238 81 4.9290980521465055 2000 10 0.1858550382015524
906 12.148003803837238 81 4.9290980521465055 2000 10 0.1889178431578939
956 12.148003803837238 81 4.9290980521465055 2000 10 0.1767415840748853
931 12.148003803837238 81 4.9290980521465055 2000 10 0.18872451508056148
916 12.148003803837238 81 4.9290980521465055 2000 10 0.18319090386904893
946 12.148003803837238 81 4.9290980521465055 2000 10 0.17815589148552935
961 12.148003803837238 81 4.9290980521465055 2000 10 0.17509029263971918
971 12.148003803837238 81 4.9290980521465055 2000 10 0.17620429796021447
981 12.148003803837238 81 4.9290980521465055 2000 10 0.17847833390194576
976 12.148003803837238 81 4.9290980521465055 2000 10 0.18165219421066886
966 12.148003803837238 81 4.9290980521465055 2000 10 0.21154402477250484
986 12.148003803837238 81 4.9290980521465055 2000 10 0.19536993355787513
991 12.148003803837238 81 4.9290980521465055 2000 10 0.18295816966778475
996 12.148003803837238 81 4.9290980521465055 2000 10 0.17961065046620356
842 12.148003803837238 81 4.9290980521465055 2000 10 0.18106539206250497
847 12.148003803837238 81 4.9290980521465055 2000 10 0.18542769027634395
852 12.148003803837238 81 4.9290980521465055 2000 10 0.18000663496275351
857 12.148003803837238 81 4.9290980521465055 2000 10 0.17956951571500765
867 12.148003803837238 81 4.9290980521465055 2000 10 0.17607124393816226
872 12.148003803837238 81 4.9290980521465055 2000 10 0.17605632615763234
862 12.148003803837238 81 4.9290980521465055 2000 10 0.17731474941742803
877 12.148003803837238 81 4.9290980521465055 2000 10 0.17524003627083548
887 12.148003803837238 81 4.9290980521465055 2000 10 0.2040094565986983
882 12.148003803837238 81 4.9290980521465055 2000 10 0.1863499942496621
892 12.148003803837238 81 4.9290980521465055 2000 10 0.1833642054412519
927 12.148003803837238 81 4.9290980521465055 2000 10 0.1854350224320435
922 12.148003803837238 81 4.9290980521465055 2000 10 0.1977217065327536
952 12.148003803837238 81 4.9290980521465055 2000 10 0.1777108422527851
902 12.148003803837238 81 4.9290980521465055 2000 10 0.17671823329233416
912 12.148003803837238 81 4.9290980521465055 2000 10 0.18036717655365533
957 12.148003803837238 81 4.9290980521465055 2000 10 0.1752881605946497
932 12.148003803837238 81 4.9290980521465055 2000 10 0.17758301226767817
937 12.148003803837238 81 4.9290980521465055 2000 10 0.17711017521878575
897 12.148003803837238 81 4.9290980521465055 2000 10 0.19557780720715562
907 12.148003803837238 81 4.9290980521465055 2000 10 0.17618097467554394
942 12.148003803837238 81 4.9290980521465055 2000 10 0.176589436575524
917 12.148003803837238 81 4.9290980521465055 2000 10 0.18773167607789698
947 12.148003803837238 81 4.9290980521465055 2000 10 0.1760493360656598
972 12.148003803837238 81 4.9290980521465055 2000 10 0.2005257304870249
977 12.148003803837238 81 4.9290980521465055 2000 10 0.17559071291325182
982 12.148003803837238 81 4.9290980521465055 2000 10 0.17581739257566692
962 12.148003803837238 81 4.9290980521465055 2000 10 0.17991862636962153
987 12.148003803837238 81 4.9290980521465055 2000 10 0.17920040153908265
967 12.148003803837238 81 4.9290980521465055 2000 10 0.1800279023059075
997 12.148003803837238 81 4.9290980521465055 2000 10 0.17638852380922063
992 12.148003803837238 81 4.9290980521465055 2000 10 0.19065449644406343
843 12.148003803837238 81 4.9290980521465055 2000 10 0.17593097713795386
848 12.148003803837238 81 4.9290980521465055 2000 10 0.17721358467820364
853 12.148003803837238 81 4.9290980521465055 2000 10 0.17897028397662942
858 12.148003803837238 81 4.9290980521465055 2000 10 0.18078932234320277
868 12.148003803837238 81 4.9290980521465055 2000 10 0.18048591737438896
873 12.148003803837238 81 4.9290980521465055 2000 10 0.17714142408976138
863 12.148003803837238 81 4.9290980521465055 2000 10 0.17799349134180328
878 12.148003803837238 81 4.9290980521465055 2000 10 0.1805849009299377
888 12.148003803837238 81 4.9290980521465055 2000 10 0.19349784397976752
883 12.148003803837238 81 4.9290980521465055 2000 10 0.1774362690818194
893 12.148003803837238 81 4.9290980521465055 2000 10 0.18299812789065892
928 12.148003803837238 81 4.9290980521465055 2000 10 0.17953835953227645
923 12.148003803837238 81 4.9290980521465055 2000 10 0.18719126657628077
903 12.148003803837238 81 4.9290980521465055 2000 10 0.19094157425009217
953 12.148003803837238 81 4.9290980521465055 2000 10 0.17646081420067966
913 12.148003803837238 81 4.9290980521465055 2000 10 0.1777157048630992
938 12.148003803837238 81 4.9290980521465055 2000 10 0.17758741211329962
933 12.148003803837238 81 4.9290980521465055 2000 10 0.18045156510847726
918 12.148003803837238 81 4.9290980521465055 2000 10 0.17704995781040328
958 12.148003803837238 81 4.9290980521465055 2000 10 0.17656873369353834
898 12.148003803837238 81 4.9290980521465055 2000 10 0.1832967306518538
948 12.148003803837238 81 4.9290980521465055 2000 10 0.18425402878507857
983 12.148003803837238 81 4.9290980521465055 2000 10 0.17990044376797812
908 12.148003803837238 81 4.9290980521465055 2000 10 0.1862549313221457
943 12.148003803837238 81 4.9290980521465055 2000 10 0.1765888781340891
973 12.148003803837238 81 4.9290980521465055 2000 10 0.1810428270757931
963 12.148003803837238 81 4.9290980521465055 2000 10 0.17666118803824668
978 12.148003803837238 81 4.9290980521465055 2000 10 0.1940396122264603
968 12.148003803837238 81 4.9290980521465055 2000 10 0.2101513158722757
988 12.148003803837238 81 4.9290980521465055 2000 10 0.17677867673327854
998 12.148003803837238 81 4.9290980521465055 2000 10 0.19221235304362172
993 12.148003803837238 81 4.9290980521465055 2000 10 0.1796738320957686
844 12.148003803837238 81 4.9290980521465055 2000 10 0.17844164913517405
849 12.148003803837238 81 4.9290980521465055 2000 10 0.17522608689146785
854 12.148003803837238 81 4.9290980521465055 2000 10 0.18685562204677858
859 12.148003803837238 81 4.9290980521465055 2000 10 0.17727816424772116
869 12.148003803837238 81 4.9290980521465055 2000 10 0.19297268387250843
874 12.148003803837238 81 4.9290980521465055 2000 10 0.17739173018037407
864 12.148003803837238 81 4.9290980521465055 2000 10 0.18487977129597627
879 12.148003803837238 81 4.9290980521465055 2000 10 0.1745947294460341
889 12.148003803837238 81 4.9290980521465055 2000 10 0.17699829479918994
894 12.148003803837238 81 4.9290980521465055 2000 10 0.1811071510809051
884 12.148003803837238 81 4.9290980521465055 2000 10 0.17548440410471447
929 12.148003803837238 81 4.9290980521465055 2000 10 0.1803889435209287
959 12.148003803837238 81 4.9290980521465055 2000 10 0.17636085571127685
904 12.148003803837238 81 4.9290980521465055 2000 10 0.17654871840017317
924 12.148003803837238 81 4.9290980521465055 2000 10 0.1769307736302415
954 12.148003803837238 81 4.9290980521465055 2000 10 0.1774402788879095
914 12.148003803837238 81 4.9290980521465055 2000 10 0.17864590604241978
939 12.148003803837238 81 4.9290980521465055 2000 10 0.17814791543171168
934 12.148003803837238 81 4.9290980521465055 2000 10 0.17491174504663892
944 12.148003803837238 81 4.9290980521465055 2000 10 0.17475216255169787
974 12.148003803837238 81 4.9290980521465055 2000 10 0.1743392219721705
909 12.148003803837238 81 4.9290980521465055 2000 10 0.18032904458253346
919 12.148003803837238 81 4.9290980521465055 2000 10 0.19400392078118098
949 12.148003803837238 81 4.9290980521465055 2000 10 0.17699536985100028
899 12.148003803837238 81 4.9290980521465055 2000 10 0.1797291537326401
984 12.148003803837238 81 4.9290980521465055 2000 10 0.18067406020401733
979 12.148003803837238 81 4.9290980521465055 2000 10 0.17624948661738496
989 12.148003803837238 81 4.9290980521465055 2000 10 0.17604740621900977
964 12.148003803837238 81 4.9290980521465055 2000 10 0.192211599647122
969 12.148003803837238 81 4.9290980521465055 2000 10 0.1813057873563018
999 12.148003803837238 81 4.9290980521465055 2000 10 0.1819878014491615
994 12.148003803837238 81 4.9290980521465055 2000 10 0.17815826970128495
